7.186145782470703125e-01
2.353222966194152832e-01
1.844111233949661255e-01
1.555622369050979614e-01
1.437889933586120605e-01
1.239534318447113037e-01
1.315139085054397583e-01
1.140961721539497375e-01
1.147313863039016724e-01
1.134427413344383240e-01
1.062821149826049805e-01
9.794259071350097656e-02
1.054438650608062744e-01
1.006064489483833313e-01
1.051084548234939575e-01
9.944846481084823608e-02
1.013311445713043213e-01
9.609540551900863647e-02
1.004856526851654053e-01
9.299176186323165894e-02
